Heather's Song
(2026)
composed by Steven Golob

voice: melody, @ocarina_sound, 1
voice: alto, @crystal_bowl_with_pop, 0
voice: tenor, @crystal_bowl_with_pop, 0
voice: baritone, @crystal_bowl_with_pop, -1
voice: bass, @crystal_bowl_with_pop, -2

qtr_note = 130
D major

r.4, 7.2, 5.2, | 4.6, 5.2,      | 5.2, 5.2, 2.4, | 1.2, 3.4, 4.2, | 3.2, r.2, 3.1, 5.1, -1.2
2.8,           | 5.8,           | 2.8,           | 3.4, 1.4,      | 3.8
0.2, 1.6,      | 1.3, r.2, 1.3, | 1.4, 4.4,      | 1.4, 3.4,      | 1.8
5.6, 2.2,      | 6.8,           | 5.6, 1.2,      | 5.6, 3.2,      | 5.8
5.4, 1.4,      | 4.4, 5.4,      | 4.8,           | 1.4, 5.4,      | 1.6, 3.2

1.2, 6.2, 8.4, | 5.2, 5.6,      | 6.3, r.3, 1.2, | 1.3, 0.3, 0.2, | -1.2, 2.6,     | 1.2, r.4, 1.2
4.2, 5.6,      | 3.4, 3.4,      | 2.6, 5.2,      | 5.8,           | 1.2, 2.6,      | 2.2, 3.6
1.8,           | 2.2, 1.6,      | 1.6, 5.2,      | 1.4, 1.4,      | 1.4, 4.4,      | 1.6, 5.2
6.4, 1.4,      | 5.6, 5.2,      | 5.8,           | 7.2, 6.6,      | 5.3, r.2, 5.3, | 5.4, 1.4
4.4, 4.4,      | 1.3, r.2, 1.3, | 4.2, 5.6,      | 4.8,           | 4.8,           | 1.8

1.4, -1.4, | 1.2, 3.2, r.2, -1.2, | 1.6, -1.2
2.8,       | 5.8,                 | 2.8
1.8,       | 2.2, 1.6,            | 1.8
5.4, 2.4,  | 6.4, 5.4,            | 5.8
5.8,       | 5.2, 4.6,            | 4.8

-1.2, 5.6, | 5.4, 6.4, | 5.4, 8.4
2.8,       | 5.8,      | 2.8
1.8,       | 1.8,      | 1.8
5.8,       | 6.8,      | 5.8
5.8,       | 4.8,      | 4.8

8.4, 4.4,      | 4.4, 4.2, 3.2, | 2.2, 2.4, 3.2, | 3.2, 4.2, 3.4, | 3.2, 2.4, 0.2
2.8,           | 5.8,           | 1.2, 2.6,      | 3.8,           | 3.3, r.2, 3.3
1.3, r.2, 1.3, | 1.8,           | 2.2, 1.6,      | 2.2, 1.6,      | 1.8
5.3, r.2, 5.3, | 6.4, 4.4,      | 5.8,           | 5.4, 5.4,      | 5.8
5.8,           | 4.3, r.2, 4.3, | 4.4, 2.4,      | 1.8,           | 1.6, 3.2

1.1, -1.1, 1.2, 0.4, | 1.2, 0.6, | 1.4, 8.4,      | 6.4, 7.2, 5.2, | 5.2, r.4, 5.2, | 5.2, 7.1, 8.1, 4.2, 5.2
5.3, r.2, 5.3,       | 3.8,      | 2.8,           | 5.8,           | 2.8,           | 3.8
1.8,                 | 1.8,      | 2.2, 1.6,      | 2.2, 1.6,      | 1.4, 5.4,      | 0.2, 1.6
6.8,                 | 5.8,      | 5.4, 5.4,      | 6.3, r.2, 6.3, | 5.8,           | 5.6, 1.2
4.8,                 | 1.8,      | 5.3, r.2, 5.3, | 4.6, 4.2,      | 4.3, r.2, 4.3, | 1.8

5.1, 3.3, 2.2, 1.2, | 1.1, 6.1, 1.2, 1.4, | 1.6, -1.2
2.6, 5.2,           | 5.8,                | 2.8
0.2, 1.6,           | 1.8,                | 1.8
4.2, 5.6,           | 6.4, 6.4,           | 5.8
5.8,                | 4.8,                | 4.8

-1.2, 1.6, | 1.8, | 1.4, 2.4
2.8,       | 5.8, | 2.8
1.8,       | 1.8, | 1.8
5.8,       | 6.8, | 5.8
5.8,       | 4.8, | 4.8

1.2, 5.2, 3.2, -1.2, | -1.2, 2.4, 1.2, | 1.2, 5.1, 5.1, 4.2, 3.2, | 3.4, 5.4, | 5.2, 6.2, 7.4
3.6, 1.2,            | 2.8,            | 5.8,                     | 3.8,      | 3.3, r.2, 3.3
1.6, 5.2,            | 1.8,            | 1.8,                     | 2.8,      | 1.8
5.3, r.2, 5.3,       | 5.8,            | 7.2, 6.6,                | 6.2, 5.6, | 5.8
1.3, r.2, 1.3,       | 4.4, 5.4,       | 4.8,                     | 1.6, 1.2, | 1.3, r.2, 1.3

6.2, 8.4, 7.2, | 5.2, 5.2, 6.1, 8.1, 3.2, | 4.4, r.2, 1.2, | 0.2, -1.4, -1.2
5.8,           | 3.4, 3.4,                | 5.4, 1.4,      | 3.8
1.4, 5.4,      | 1.8,                     | 1.3, r.2, 1.3, | 2.2, 1.6
6.8,           | 5.8,                     | 6.4, 1.4,      | 5.6, 5.2
4.4, 1.4,      | 1.8,                     | 4.8,           | 1.8

1.4, 1.4,      | 1.4, 3.2, 5.2, | 4.2, 2.6,      | 1.4, 5.4
2.8,           | 5.8,           | 2.8,           | 3.8
1.3, r.2, 1.3, | 1.8,           | 1.8,           | 1.3, r.2, 1.3
5.8,           | 6.8,           | 5.6, 2.2,      | 5.6, 5.2
5.8,           | 4.6, 6.2,      | 4.3, r.2, 4.3, | 1.8

5.2, 1.6, | 1.4, 4.4, | 3.8, | 2.8
2.8,      | 5.8,      | 3.8, | 2.8
1.8,      | 1.8,      | 1.8, | 1.8
5.8,      | 6.8,      | 5.8, | 5.8
5.8,      | 4.8,      | 1.8, | 4.8

2.1, 1.3, r.2, -1.2, | 1.3, 1.1, r.2, -1.2, | 1.1, r.1, 0.2, 1.4, | 1.4, 3.2, 1.2, | 1.2, 5.1, 8.1, 1.2, 1.2
2.8,                 | 5.8,                 | 1.2, 2.6,           | 3.3, r.2, 3.3, | 3.6, 3.2
0.2, 1.6,            | 1.3, r.2, 1.3,       | 1.8,                | 1.8,           | 1.3, r.2, 1.3
5.8,                 | 5.2, 6.6,            | 5.4, 5.4,           | 5.8,           | 4.2, 5.6
5.6, 5.2,            | 4.8,                 | 4.3, r.2, 4.3,      | 1.8,           | 1.8

1.4, 0.4, | 1.1, r.1, 2.2, 1.4, | 1.3, 2.3, 6.2, | 6.4, 5.4,      | 6.6, 2.2, | 2.3, 3.3, 3.2
5.8,      | 3.3, r.2, 3.3,      | 2.4, 1.4,      | 5.6, 5.2,      | 2.4, 5.4, | 3.6, 5.2
1.4, 1.4, | 1.4, 1.4,           | 1.8,           | 1.3, r.2, 1.3, | 1.8,      | 1.4, 5.4
5.2, 6.6, | 4.2, 5.6,           | 5.8,           | 6.8,           | 5.4, 2.4, | 5.8
4.8,      | 1.8,                | 5.3, r.2, 5.3, | 5.2, 4.6,      | 4.8,      | 1.8

2.2, 0.4, -1.2, | 1.4, 4.4,      | 4.8
2.8,            | 5.4, 5.4,      | 2.8
1.6, 2.2,       | 2.2, 1.6,      | 1.8
5.6, 2.2,       | 6.3, r.2, 6.3, | 5.8
5.4, 2.4,       | 4.4, 4.4,      | 4.8

5.2, 5.6, | 5.8, | 5.4, 6.4
2.8,      | 5.8, | 2.8
1.8,      | 1.8, | 1.8
5.8,      | 6.8, | 5.8
5.8,      | 4.8, | 4.8

r.3, 7.3, 5.2, | 5.2, 1.2, 2.4, | 1.2, 2.4, -1.2, | 1.2, -1.1, -1.1, 0.2, 2.2, | 3.6, 5.2
2.2, 3.6,      | 2.8,           | 5.3, r.2, 5.3,  | 3.8,                       | 3.3, r.2, 3.3
1.4, 5.4,      | 1.8,           | 1.8,            | 2.6, 2.2,                  | 1.8
5.8,           | 5.8,           | 6.8,            | 5.4, 3.4,                  | 5.8
1.3, r.2, 1.3, | 3.2, 4.6,      | 4.4, 4.4,       | 0.2, 1.6,                  | 1.4, 5.4

5.2, 7.2, 6.4, | 5.4, 7.2, 5.2, | 5.4, 6.2, 8.2, | 5.2, 7.2, 4.2, 3.2
5.4, 4.4,      | 3.4, 1.4,      | 5.6, 1.2,      | 3.8
1.8,           | 1.8,           | 1.8,           | 1.8
6.4, 1.4,      | 5.6, 5.2,      | 6.8,           | 5.3, r.2, 5.3
5.2, 4.6,      | 1.8,           | 4.4, 5.4,      | 2.2, 1.6

2.4, -1.4, | 1.2, 2.6,      | 2.2, 0.2, 4.2, 1.2, | 1.2, -1.1, 0.1, 1.2, 2.2
2.6, 1.2,  | 4.2, 5.6,      | 2.8,                | 3.8
0.2, 1.6,  | 1.8,           | 1.8,                | 1.4, 5.4
6.2, 5.6,  | 6.3, r.2, 6.3, | 5.3, r.2, 5.3,      | 5.8
5.6, 5.2,  | 4.3, r.2, 4.3, | 4.6, 5.2,           | 0.2, 1.6

1.4, -1.4, | 1.2, 5.6, | 5.8, | 5.4, 4.4
2.8,       | 5.8,      | 3.8, | 2.8
1.8,       | 1.8,      | 1.8, | 1.8
5.8,       | 6.8,      | 5.8, | 5.8
5.8,       | 4.8,      | 1.8, | 4.8

r.2, 4.1, 6.1, 8.2, 8.2, | 5.3, 4.3, 1.2, | 1.2, 4.4, 3.2, | 3.4, 1.4, | 1.6, 5.2
3.8,                     | 2.8,           | 5.4, 1.4,      | 3.4, 1.4, | 2.2, 3.6
1.6, 3.2,                | 1.4, 2.4,      | 0.2, 1.6,      | 2.8,      | 1.8
5.8,                     | 5.4, 2.4,      | 6.3, r.2, 6.3, | 5.8,      | 5.6, 5.2
1.8,                     | 4.8,           | 4.4, 6.4,      | 1.8,      | 1.8

5.4, 1.4, | 0.2, 1.4, 5.2, | 5.2, 4.2, 6.1, r.1, 7.2, | 8.2, r.2, 5.1, 5.1, 6.2
5.4, 6.4, | 3.8,           | 5.8,                     | 3.4, 3.4
1.8,      | 1.8,           | 1.3, r.2, 1.3,           | 0.2, 1.6
6.8,      | 5.8,           | 6.4, 4.4,                | 5.8
5.2, 4.6, | 1.6, 3.2,      | 4.6, 1.2,                | 1.4, 1.4

5.2, 4.4, 7.2, | 6.2, 8.2, 4.4, | 3.2, 3.1, 2.1, -1.2, 4.2, | 3.4, 0.4
2.8,           | 5.6, 1.2,      | 2.4, 2.4,                 | 4.2, 3.6
1.8,           | 1.6, 5.2,      | 1.6, 1.2,                 | 1.8
5.8,           | 6.8,           | 6.2, 5.6,                 | 5.8
5.3, r.2, 5.3, | 4.3, r.2, 4.3, | 5.2, 4.6,                 | 1.8

1.6, 8.2, | 6.6, 5.2, | 5.8, | 5.8
2.8,      | 5.8,      | 3.8, | 2.8
1.8,      | 1.8,      | 1.8, | 1.8
5.8,      | 6.8,      | 5.8, | 5.8
5.8,      | 4.8,      | 1.8, | 4.8
