Scale Explorer
(2026)
generated by scale_explorer.m

voice: v1, @kind_music_box, 1
voice: v2, @kind_music_box, 0
voice: v3, @kind_music_box, -1
voice: v4, @kind_music_box, -2
tuning: ji

qtr_note = 200
Ab [1,3,5,6,8,10,11]

3.1, 4.1, 5.1, 6.1, 7.1, 8.1, 4.1, 5.1, 6.1, 7.1, 8.1, 9.1, 8.1, 7.1, 6.1, 5.1, 7.1, 6.1, 5.1, 4.1, 3.1, 4.1, 5.1, 6.1, 7.1, 8.1, r.3
5.1, 6.1, 7.1, 8.1, 9.1, 6.1, 5.1, 4.1, 3.1, 2.1, 1.1, 4.1, 5.1, 6.1, 7.1, 8.1, 9.1, 10.1, 9.1, 8.1, 7.1, 6.1, 5.1, 3.1, 4.1, 5.1, 6.1, 7.1, r.1
6.1, 5.1, 4.1, 3.1, 2.1, 1.1, 2.1, 3.1, 4.1, 5.1, 4.1, 5.1, 6.1, 7.1, 8.1, 9.1, 10.1, 9.1, 8.1, 7.1, 6.1, 5.1, 4.1, 3.1, 2.1, 1.1, r.3
8.1, 7.1, 6.1, 5.1, 4.1, 3.1, 1.1, 2.1, 3.1, 4.1, 5.1, 6.1, 7.1, 6.1, 5.1, 4.1, 3.1, 2.1, 7.1, 6.1, 5.1, 4.1, 3.1, 2.1, 7.1, 6.1, 5.1, 4.1, 3.1

8.1, 7.1, 6.1, 5.1, 4.1, 3.1, 7.1, 6.1, 5.1, 4.1, 3.1, 2.1, 1.1, 2.1, 3.1, 4.1, 5.1, 1.1, 2.1, 3.1, 4.1, 5.1, 6.1, 7.1, 6.1, 5.1, 4.1, 3.1, 2.1
2.1, 3.1, 4.1, 5.1, 6.1, 7.1, 6.1, 5.1, 4.1, 3.1, 2.1, 1.1, 2.1, 3.1, 4.1, 5.1, 7.1, 6.1, 5.1, 4.1, 3.1, 2.1, 1.1, 2.1, 3.1, 4.1, 5.1, 6.1, r.1
5.1, 4.1, 3.1, 2.1, 1.1, 7.1, 6.1, 5.1, 4.1, 3.1, 2.1, 6.1, 5.1, 4.1, 3.1, 2.1, 7.1, 6.1, 5.1, 4.1, 3.1, 2.1, 1.1, 2.1, 3.1, 4.1, 5.1, 6.1, r.1
7.1, 6.1, 5.1, 4.1, 3.1, 2.1, 6.1, 5.1, 4.1, 3.1, 2.1, 1.1, 2.1, 3.1, 4.1, 5.1, 6.1, 1.1, 2.1, 3.1, 4.1, 5.1, 6.1, 7.1, 6.1, 5.1, 4.1, 3.1, 2.1

1.1, 2.1, 3.1, 4.1, 5.1, 6.1, 7.1, 8.1, 9.1, 10.1, 10.1, 9.1, 8.1, 7.1, 6.1, 5.1, 10.1, 9.1, 8.1, 7.1, 6.1, 5.1, 5.1, 6.1, 7.1, 8.1, 9.1, 10.1, r.2
7.1, 6.1, 5.1, 4.1, 3.1, 2.1, 1.1, 2.1, 3.1, 4.1, 5.1, 6.1, 7.1, 6.1, 5.1, 4.1, 3.1, 2.1, 4.1, 5.1, 6.1, 7.1, 8.1, 9.1, 10.1, 9.1, 8.1, 7.1, 6.1, 5.1
4.1, 5.1, 6.1, 7.1, 8.1, 10.1, 9.1, 8.1, 7.1, 6.1, 5.1, 7.1, 6.1, 5.1, 4.1, 3.1, 9.1, 8.1, 7.1, 6.1, 5.1, 4.1, 5.1, 6.1, 7.1, 8.1, r.4
1.1, 2.1, 3.1, 4.1, 5.1, 7.1, 6.1, 5.1, 4.1, 3.1, 2.1, 6.1, 5.1, 4.1, 3.1, 2.1, 1.1, 2.1, 3.1, 4.1, 5.1, 6.1, 7.1, 6.1, 5.1, 4.1, 3.1, r.3

5.1, 6.1, 7.1, 8.1, 9.1, 7.1, 6.1, 5.1, 4.1, 3.1, 2.1, 6.1, 5.1, 4.1, 3.1, 2.1, 1.1, 3.1, 4.1, 5.1, 6.1, 7.1, 8.1, 10.1, 9.1, 8.1, 7.1, 6.1, r.1
4.1, 5.1, 6.1, 7.1, 8.1, 3.1, 4.1, 5.1, 6.1, 7.1, 3.1, 4.1, 5.1, 6.1, 7.1, 8.1, 7.1, 6.1, 5.1, 4.1, 2.1, 3.1, 4.1, 5.1, 6.1, 7.1, r.3
5.1, 6.1, 7.1, 8.1, 9.1, 10.1, 10.1, 9.1, 8.1, 7.1, 6.1, 5.1, 3.1, 4.1, 5.1, 6.1, 7.1, 8.1, 2.1, 3.1, 4.1, 5.1, 6.1, 4.1, 5.1, 6.1, 7.1, 8.1, r.1
4.1, 5.1, 6.1, 7.1, 8.1, 9.1, 9.1, 8.1, 7.1, 6.1, 5.1, 4.1, 2.1, 3.1, 4.1, 5.1, 6.1, 7.1, 9.1, 8.1, 7.1, 6.1, 5.1, 3.1, 4.1, 5.1, 6.1, 7.1, 8.1

10.1, 9.1, 8.1, 7.1, 6.1, 6.1, 7.1, 8.1, 9.1, 10.1, 7.1, 6.1, 5.1, 4.1, 3.1, 2.1, 1.1, 2.1, 3.1, 4.1, 5.1, 7.1, 6.1, 5.1, 4.1, 3.1, r.3
9.1, 8.1, 7.1, 6.1, 5.1, 3.1, 4.1, 5.1, 6.1, 7.1, 8.1, 7.1, 6.1, 5.1, 4.1, 3.1, 2.1, 1.1, 2.1, 3.1, 4.1, 5.1, 3.1, 4.1, 5.1, 6.1, 7.1, 8.1, r.1
10.1, 9.1, 8.1, 7.1, 6.1, 5.1, 8.1, 7.1, 6.1, 5.1, 4.1, 3.1, 3.1, 4.1, 5.1, 6.1, 7.1, 8.1, 7.1, 6.1, 5.1, 4.1, 3.1, 1.1, 2.1, 3.1, 4.1, 5.1, 6.1
10.1, 9.1, 8.1, 7.1, 6.1, 5.1, 10.1, 9.1, 8.1, 7.1, 6.1, 5.1, 4.1, 5.1, 6.1, 7.1, 8.1, 10.1, 9.1, 8.1, 7.1, 6.1, 5.1, 10.1, 9.1, 8.1, 7.1, 6.1, 5.1

9.1, 8.1, 7.1, 6.1, 5.1, 3.1, 4.1, 5.1, 6.1, 7.1, 5.1, 4.1, 3.1, 2.1, 1.1, 1.1, 2.1, 3.1, 4.1, 5.1, 6.1, 6.1, 5.1, 4.1, 3.1, 2.1, r.3
2.1, 3.1, 4.1, 5.1, 6.1, 7.1, 3.1, 4.1, 5.1, 6.1, 7.1, 8.1, 7.1, 6.1, 5.1, 4.1, 3.1, 6.1, 5.1, 4.1, 3.1, 2.1, 1.1, 8.1, 7.1, 6.1, 5.1, 4.1, 3.1
7.1, 6.1, 5.1, 4.1, 3.1, 5.1, 4.1, 3.1, 2.1, 1.1, 1.1, 2.1, 3.1, 4.1, 5.1, 6.1, 5.1, 4.1, 3.1, 2.1, 1.1, 8.1, 7.1, 6.1, 5.1, 4.1, 3.1, r.2
4.1, 5.1, 6.1, 7.1, 8.1, 10.1, 9.1, 8.1, 7.1, 6.1, 10.1, 9.1, 8.1, 7.1, 6.1, 5.1, 3.1, 4.1, 5.1, 6.1, 7.1, 8.1, 7.1, 6.1, 5.1, 4.1, 3.1, r.2

5.1, 4.1, 3.1, 2.1, 1.1
9.1, 8.1, 7.1, 6.1, 5.1
6.1, 5.1, 4.1, 3.1, 2.1
1.1, 2.1, 3.1, 4.1, 5.1

3.1, 4.1, 5.1, 6.1, 7.1, 8.1, 3.1, 4.1, 5.1, 6.1, 7.1
3.1, 4.1, 5.1, 6.1, 7.1, 9.1, 8.1, 7.1, 6.1, 5.1, 4.1
4.1, 5.1, 6.1, 7.1, 8.1, 10.1, 9.1, 8.1, 7.1, 6.1, 5.1
7.1, 6.1, 5.1, 4.1, 3.1, 9.1, 8.1, 7.1, 6.1, 5.1, 4.1

9.1, 8.1, 7.1, 6.1, 5.1, 4.1, 6.1, 5.1, 4.1, 3.1, 2.1, 1.1, 1.1, 2.1, 3.1, 4.1, 5.1, 6.1, 2.1, 3.1, 4.1, 5.1, 6.1, 4.1, 5.1, 6.1, 7.1, 8.1
7.1, 6.1, 5.1, 4.1, 3.1, 2.1, 5.1, 4.1, 3.1, 2.1, 1.1, 7.1, 6.1, 5.1, 4.1, 3.1, 1.1, 2.1, 3.1, 4.1, 5.1, 7.1, 6.1, 5.1, 4.1, 3.1, r.2
10.1, 9.1, 8.1, 7.1, 6.1, 5.1, 5.1, 6.1, 7.1, 8.1, 9.1, 10.1, 9.1, 8.1, 7.1, 6.1, 5.1, 9.1, 8.1, 7.1, 6.1, 5.1, 10.1, 9.1, 8.1, 7.1, 6.1, r.1
3.1, 4.1, 5.1, 6.1, 7.1, 2.1, 3.1, 4.1, 5.1, 6.1, 7.1, 9.1, 8.1, 7.1, 6.1, 5.1, 3.1, 4.1, 5.1, 6.1, 7.1, 3.1, 4.1, 5.1, 6.1, 7.1, 8.1, r.1

9.1, 8.1, 7.1, 6.1, 5.1, 4.1, 10.1, 9.1, 8.1, 7.1, 6.1, 7.1, 6.1, 5.1, 4.1, 3.1, 2.1, 1.1, 2.1, 3.1, 4.1, 5.1, 6.1, 7.1, 6.1, 5.1, 4.1, 3.1
2.1, 3.1, 4.1, 5.1, 6.1, 1.1, 2.1, 3.1, 4.1, 5.1, 6.1, 7.1, 6.1, 5.1, 4.1, 3.1, 7.1, 6.1, 5.1, 4.1, 3.1, 2.1, 8.1, 7.1, 6.1, 5.1, 4.1, r.1
8.1, 7.1, 6.1, 5.1, 4.1, 9.1, 8.1, 7.1, 6.1, 5.1, 4.1, 9.1, 8.1, 7.1, 6.1, 5.1, 7.1, 6.1, 5.1, 4.1, 3.1, 1.1, 2.1, 3.1, 4.1, 5.1, r.2
10.1, 9.1, 8.1, 7.1, 6.1, 4.1, 5.1, 6.1, 7.1, 8.1, 10.1, 9.1, 8.1, 7.1, 6.1, 5.1, 9.1, 8.1, 7.1, 6.1, 5.1, 3.1, 4.1, 5.1, 6.1, 7.1, 8.1, r.1

6.1, 5.1, 4.1, 3.1, 2.1, 3.1, 4.1, 5.1, 6.1, 7.1, 9.1, 8.1, 7.1, 6.1, 5.1, 4.1, 5.1, 6.1, 7.1, 8.1, 9.1, 10.1, 9.1, 8.1, 7.1, 6.1, r.2
7.1, 6.1, 5.1, 4.1, 3.1, 2.1, 2.1, 3.1, 4.1, 5.1, 6.1, 7.1, 9.1, 8.1, 7.1, 6.1, 5.1, 8.1, 7.1, 6.1, 5.1, 4.1, 6.1, 5.1, 4.1, 3.1, 2.1, 1.1
3.1, 4.1, 5.1, 6.1, 7.1, 8.1, 9.1, 8.1, 7.1, 6.1, 5.1, 9.1, 8.1, 7.1, 6.1, 5.1, 4.1, 3.1, 4.1, 5.1, 6.1, 7.1, 2.1, 3.1, 4.1, 5.1, 6.1, 7.1
10.1, 9.1, 8.1, 7.1, 6.1, 9.1, 8.1, 7.1, 6.1, 5.1, 4.1, 3.1, 4.1, 5.1, 6.1, 7.1, 8.1, 1.1, 2.1, 3.1, 4.1, 5.1, 1.1, 2.1, 3.1, 4.1, 5.1, r.1

4.1, 5.1, 6.1, 7.1, 8.1, 10.1, 9.1, 8.1, 7.1, 6.1, 5.1, 10.1, 9.1, 8.1, 7.1, 6.1, 5.1, 3.1, 4.1, 5.1, 6.1, 7.1, 8.1, 10.1, 9.1, 8.1, 7.1, 6.1, 5.1
7.1, 6.1, 5.1, 4.1, 3.1, 7.1, 6.1, 5.1, 4.1, 3.1, 5.1, 6.1, 7.1, 8.1, 9.1, 10.1, 3.1, 4.1, 5.1, 6.1, 7.1, 2.1, 3.1, 4.1, 5.1, 6.1, 7.1, r.2
8.1, 7.1, 6.1, 5.1, 4.1, 10.1, 9.1, 8.1, 7.1, 6.1, 9.1, 8.1, 7.1, 6.1, 5.1, 9.1, 8.1, 7.1, 6.1, 5.1, 4.1, 2.1, 3.1, 4.1, 5.1, 6.1, r.3
7.1, 6.1, 5.1, 4.1, 3.1, 2.1, 1.1, 2.1, 3.1, 4.1, 5.1, 1.1, 2.1, 3.1, 4.1, 5.1, 2.1, 3.1, 4.1, 5.1, 6.1, 7.1, 8.1, 7.1, 6.1, 5.1, 4.1, r.2

4.1, 5.1, 6.1, 7.1, 8.1, 5.1, 6.1, 7.1, 8.1, 9.1, 7.1, 6.1, 5.1, 4.1, 3.1, 2.1, 1.1, 2.1, 3.1, 4.1, 5.1, 7.1, 6.1, 5.1, 4.1, 3.1, 2.1, r.2
3.1, 4.1, 5.1, 6.1, 7.1, 9.1, 8.1, 7.1, 6.1, 5.1, 4.1, 8.1, 7.1, 6.1, 5.1, 4.1, 3.1, 4.1, 5.1, 6.1, 7.1, 8.1, 1.1, 2.1, 3.1, 4.1, 5.1, 6.1, r.1
1.1, 2.1, 3.1, 4.1, 5.1, 6.1, 5.1, 4.1, 3.1, 2.1, 1.1, 1.1, 2.1, 3.1, 4.1, 5.1, 4.1, 5.1, 6.1, 7.1, 8.1, 9.1, 10.1, 9.1, 8.1, 7.1, 6.1, 5.1, r.1
3.1, 4.1, 5.1, 6.1, 7.1, 8.1, 1.1, 2.1, 3.1, 4.1, 5.1, 6.1, 7.1, 6.1, 5.1, 4.1, 3.1, 8.1, 7.1, 6.1, 5.1, 4.1, 3.1, 6.1, 5.1, 4.1, 3.1, 2.1, 1.1

6.1, 5.1, 4.1, 3.1, 2.1, 6.1, 5.1, 4.1, 3.1, 2.1, 1.1, 1.1, 2.1, 3.1, 4.1, 5.1, 6.1, 8.1, 7.1, 6.1, 5.1, 4.1, 3.1, 6.1, 5.1, 4.1, 3.1, 2.1, 1.1
8.1, 7.1, 6.1, 5.1, 4.1, 10.1, 9.1, 8.1, 7.1, 6.1, 4.1, 5.1, 6.1, 7.1, 8.1, 9.1, 8.1, 7.1, 6.1, 5.1, 10.1, 9.1, 8.1, 7.1, 6.1, 5.1, r.3
3.1, 4.1, 5.1, 6.1, 7.1, 2.1, 3.1, 4.1, 5.1, 6.1, 7.1, 9.1, 8.1, 7.1, 6.1, 5.1, 4.1, 5.1, 6.1, 7.1, 8.1, 8.1, 7.1, 6.1, 5.1, 4.1, r.3
4.1, 5.1, 6.1, 7.1, 8.1, 9.1, 10.1, 9.1, 8.1, 7.1, 6.1, 4.1, 5.1, 6.1, 7.1, 8.1, 9.1, 8.1, 7.1, 6.1, 5.1, 4.1, 3.1, 4.1, 5.1, 6.1, 7.1, r.2

3.1, 4.1, 5.1, 6.1, 7.1, 9.1, 8.1, 7.1, 6.1, 5.1, 4.1, 7.1, 6.1, 5.1, 4.1, 3.1, 2.1, 1.1, 2.1, 3.1, 4.1, 5.1, 3.1, 4.1, 5.1, 6.1, 7.1, 8.1
4.1, 5.1, 6.1, 7.1, 8.1, 9.1, 4.1, 5.1, 6.1, 7.1, 8.1, 9.1, 10.1, 9.1, 8.1, 7.1, 6.1, 8.1, 7.1, 6.1, 5.1, 4.1, 3.1, 1.1, 2.1, 3.1, 4.1, 5.1
6.1, 5.1, 4.1, 3.1, 2.1, 1.1, 1.1, 2.1, 3.1, 4.1, 5.1, 6.1, 5.1, 4.1, 3.1, 2.1, 1.1, 5.1, 6.1, 7.1, 8.1, 9.1, 10.1, 3.1, 4.1, 5.1, 6.1, 7.1
8.1, 7.1, 6.1, 5.1, 4.1, 3.1, 4.1, 5.1, 6.1, 7.1, 5.1, 6.1, 7.1, 8.1, 9.1, 10.1, 9.1, 8.1, 7.1, 6.1, 5.1, 4.1, 10.1, 9.1, 8.1, 7.1, 6.1, r.1

10.1, 9.1, 8.1, 7.1, 6.1, 10.1, 9.1, 8.1, 7.1, 6.1, 4.1, 5.1, 6.1, 7.1, 8.1, 10.1, 9.1, 8.1, 7.1, 6.1, 4.1, 5.1, 6.1, 7.1, 8.1, 9.1, r.2
1.1, 2.1, 3.1, 4.1, 5.1, 6.1, 7.1, 6.1, 5.1, 4.1, 3.1, 7.1, 6.1, 5.1, 4.1, 3.1, 7.1, 6.1, 5.1, 4.1, 3.1, 2.1, 1.1, 2.1, 3.1, 4.1, 5.1, 6.1
5.1, 6.1, 7.1, 8.1, 9.1, 10.1, 10.1, 9.1, 8.1, 7.1, 6.1, 10.1, 9.1, 8.1, 7.1, 6.1, 6.1, 5.1, 4.1, 3.1, 2.1, 1.1, 3.1, 4.1, 5.1, 6.1, 7.1, 8.1
10.1, 9.1, 8.1, 7.1, 6.1, 10.1, 9.1, 8.1, 7.1, 6.1, 5.1, 4.1, 5.1, 6.1, 7.1, 8.1, 9.1, 10.1, 9.1, 8.1, 7.1, 6.1, 4.1, 5.1, 6.1, 7.1, 8.1, 9.1

10.1, 9.1, 8.1, 7.1, 6.1, 8.1, 7.1, 6.1, 5.1, 4.1, 7.1, 6.1, 5.1, 4.1, 3.1, 3.1, 4.1, 5.1, 6.1, 7.1, 5.1, 4.1, 3.1, 2.1, 1.1, 3.1, 4.1, 5.1, 6.1, 7.1
7.1, 6.1, 5.1, 4.1, 3.1, 1.1, 2.1, 3.1, 4.1, 5.1, 6.1, 7.1, 6.1, 5.1, 4.1, 3.1, 2.1, 1.1, 2.1, 3.1, 4.1, 5.1, 6.1, 4.1, 5.1, 6.1, 7.1, 8.1, 9.1, r.1
9.1, 8.1, 7.1, 6.1, 5.1, 3.1, 4.1, 5.1, 6.1, 7.1, 5.1, 6.1, 7.1, 8.1, 9.1, 10.1, 6.1, 5.1, 4.1, 3.1, 2.1, 1.1, 1.1, 2.1, 3.1, 4.1, 5.1, 6.1, r.2
3.1, 4.1, 5.1, 6.1, 7.1, 8.1, 2.1, 3.1, 4.1, 5.1, 6.1, 7.1, 9.1, 8.1, 7.1, 6.1, 5.1, 7.1, 6.1, 5.1, 4.1, 3.1, 2.1, 1.1, 2.1, 3.1, 4.1, 5.1, r.2

2.1, 3.1, 4.1, 5.1, 6.1, 7.1
10.1, 9.1, 8.1, 7.1, 6.1, 5.1
1.1, 2.1, 3.1, 4.1, 5.1, 6.1
6.1, 5.1, 4.1, 3.1, 2.1, 1.1

3.1, 4.1, 5.1, 6.1, 7.1, 9.1, 8.1, 7.1, 6.1, 5.1, 4.1, 9.1, 8.1, 7.1, 6.1, 5.1, 4.1, 5.1, 6.1, 7.1, 8.1, 10.1, 9.1, 8.1, 7.1, 6.1, 5.1, r.1
10.1, 9.1, 8.1, 7.1, 6.1, 5.1, 4.1, 5.1, 6.1, 7.1, 8.1, 9.1, 6.1, 7.1, 8.1, 9.1, 10.1, 10.1, 9.1, 8.1, 7.1, 6.1, 7.1, 6.1, 5.1, 4.1, 3.1, r.1
5.1, 4.1, 3.1, 2.1, 1.1, 4.1, 5.1, 6.1, 7.1, 8.1, 10.1, 9.1, 8.1, 7.1, 6.1, 8.1, 7.1, 6.1, 5.1, 4.1, 6.1, 5.1, 4.1, 3.1, 2.1, 1.1, r.2
1.1, 2.1, 3.1, 4.1, 5.1, 6.1, 1.1, 2.1, 3.1, 4.1, 5.1, 6.1, 8.1, 7.1, 6.1, 5.1, 4.1, 5.1, 6.1, 7.1, 8.1, 9.1, 10.1, 4.1, 5.1, 6.1, 7.1, 8.1

3.1, 4.1, 5.1, 6.1, 7.1, 8.1, 3.1, 4.1, 5.1, 6.1, 7.1, 8.1, 7.1, 6.1, 5.1, 4.1, 3.1, 8.1, 7.1, 6.1, 5.1, 4.1, 3.1, 9.1, 8.1, 7.1, 6.1, 5.1, r.1
8.1, 7.1, 6.1, 5.1, 4.1, 3.1, 6.1, 5.1, 4.1, 3.1, 2.1, 1.1, 2.1, 3.1, 4.1, 5.1, 6.1, 8.1, 7.1, 6.1, 5.1, 4.1, 4.1, 5.1, 6.1, 7.1, 8.1, r.2
1.1, 2.1, 3.1, 4.1, 5.1, 7.1, 6.1, 5.1, 4.1, 3.1, 2.1, 8.1, 7.1, 6.1, 5.1, 4.1, 3.1, 2.1, 3.1, 4.1, 5.1, 6.1, 7.1, 1.1, 2.1, 3.1, 4.1, 5.1, 6.1
7.1, 6.1, 5.1, 4.1, 3.1, 2.1, 6.1, 5.1, 4.1, 3.1, 2.1, 7.1, 6.1, 5.1, 4.1, 3.1, 2.1, 3.1, 4.1, 5.1, 6.1, 1.1, 2.1, 3.1, 4.1, 5.1, 6.1, r.2

9.1, 8.1, 7.1, 6.1, 5.1, 10.1, 9.1, 8.1, 7.1, 6.1, 5.1, 10.1, 9.1, 8.1, 7.1, 6.1, 5.1, 10.1, 9.1, 8.1, 7.1, 6.1, 4.1, 5.1, 6.1, 7.1, 8.1, r.2
10.1, 9.1, 8.1, 7.1, 6.1, 5.1, 10.1, 9.1, 8.1, 7.1, 6.1, 5.1, 4.1, 5.1, 6.1, 7.1, 8.1, 10.1, 9.1, 8.1, 7.1, 6.1, 5.1, 10.1, 9.1, 8.1, 7.1, 6.1, r.1
2.1, 3.1, 4.1, 5.1, 6.1, 7.1, 1.1, 2.1, 3.1, 4.1, 5.1, 6.1, 3.1, 4.1, 5.1, 6.1, 7.1, 4.1, 5.1, 6.1, 7.1, 8.1, 10.1, 9.1, 8.1, 7.1, 6.1, 5.1, r.1
8.1, 7.1, 6.1, 5.1, 4.1, 3.1, 2.1, 3.1, 4.1, 5.1, 6.1, 7.1, 9.1, 8.1, 7.1, 6.1, 5.1, 4.1, 7.1, 6.1, 5.1, 4.1, 3.1, 2.1, 3.1, 4.1, 5.1, 6.1, 7.1

10.1, 9.1, 8.1, 7.1, 6.1, 5.1, 9.1, 8.1, 7.1, 6.1, 5.1, 4.1, 3.1, 4.1, 5.1, 6.1, 7.1, 9.1, 8.1, 7.1, 6.1, 5.1, 7.1, 6.1, 5.1, 4.1, 3.1, 2.1, r.1
4.1, 5.1, 6.1, 7.1, 8.1, 4.1, 5.1, 6.1, 7.1, 8.1, 9.1, 10.1, 9.1, 8.1, 7.1, 6.1, 5.1, 4.1, 5.1, 6.1, 7.1, 8.1, 9.1, 9.1, 8.1, 7.1, 6.1, 5.1, 4.1
10.1, 9.1, 8.1, 7.1, 6.1, 4.1, 5.1, 6.1, 7.1, 8.1, 4.1, 5.1, 6.1, 7.1, 8.1, 9.1, 10.1, 9.1, 8.1, 7.1, 6.1, 5.1, 4.1, 5.1, 6.1, 7.1, 8.1, r.2
1.1, 2.1, 3.1, 4.1, 5.1, 1.1, 2.1, 3.1, 4.1, 5.1, 6.1, 1.1, 2.1, 3.1, 4.1, 5.1, 6.1, 8.1, 7.1, 6.1, 5.1, 4.1, 9.1, 8.1, 7.1, 6.1, 5.1, 4.1, r.1

9.1, 8.1, 7.1, 6.1, 5.1, 4.1, 6.1, 5.1, 4.1, 3.1, 2.1, 1.1, 1.1, 2.1, 3.1, 4.1, 5.1, 1.1, 2.1, 3.1, 4.1, 5.1, 1.1, 2.1, 3.1, 4.1, 5.1
2.1, 3.1, 4.1, 5.1, 6.1, 7.1, 9.1, 8.1, 7.1, 6.1, 5.1, 3.1, 4.1, 5.1, 6.1, 7.1, 7.1, 6.1, 5.1, 4.1, 3.1, 2.1, 1.1, 2.1, 3.1, 4.1, 5.1
8.1, 7.1, 6.1, 5.1, 4.1, 3.1, 1.1, 2.1, 3.1, 4.1, 5.1, 7.1, 6.1, 5.1, 4.1, 3.1, 4.1, 5.1, 6.1, 7.1, 8.1, 3.1, 4.1, 5.1, 6.1, 7.1, 8.1
4.1, 5.1, 6.1, 7.1, 8.1, 9.1, 8.1, 7.1, 6.1, 5.1, 4.1, 5.1, 6.1, 7.1, 8.1, 9.1, 10.1, 9.1, 8.1, 7.1, 6.1, 5.1, 10.1, 9.1, 8.1, 7.1, 6.1

3.1, 4.1, 5.1, 6.1, 7.1, 8.1, 7.1, 6.1, 5.1, 4.1, 9.1, 8.1, 7.1, 6.1, 5.1, 4.1, 5.1, 6.1, 7.1, 8.1, 9.1, 5.1, 6.1, 7.1, 8.1, 9.1, 10.1, r.2
7.1, 6.1, 5.1, 4.1, 3.1, 3.1, 4.1, 5.1, 6.1, 7.1, 8.1, 9.1, 8.1, 7.1, 6.1, 5.1, 4.1, 10.1, 9.1, 8.1, 7.1, 6.1, 10.1, 9.1, 8.1, 7.1, 6.1, 5.1, r.1
2.1, 3.1, 4.1, 5.1, 6.1, 7.1, 7.1, 6.1, 5.1, 4.1, 3.1, 2.1, 3.1, 4.1, 5.1, 6.1, 7.1, 7.1, 6.1, 5.1, 4.1, 3.1, 2.1, 9.1, 8.1, 7.1, 6.1, 5.1, 4.1
4.1, 5.1, 6.1, 7.1, 8.1, 9.1, 7.1, 6.1, 5.1, 4.1, 3.1, 2.1, 9.1, 8.1, 7.1, 6.1, 5.1, 4.1, 2.1, 3.1, 4.1, 5.1, 6.1, 7.1, 9.1, 8.1, 7.1, 6.1, 5.1

10.1, 9.1, 8.1, 7.1, 6.1, 5.1, 6.1, 7.1, 8.1, 9.1, 10.1, 5.1, 6.1, 7.1, 8.1, 9.1, 8.1, 7.1, 6.1, 5.1, 4.1, 3.1, 2.1, 3.1, 4.1, 5.1, 6.1, 7.1, r.2
9.1, 8.1, 7.1, 6.1, 5.1, 4.1, 5.1, 6.1, 7.1, 8.1, 6.1, 5.1, 4.1, 3.1, 2.1, 6.1, 5.1, 4.1, 3.1, 2.1, 1.1, 2.1, 3.1, 4.1, 5.1, 7.1, 6.1, 5.1, 4.1, 3.1
7.1, 6.1, 5.1, 4.1, 3.1, 2.1, 6.1, 5.1, 4.1, 3.1, 2.1, 1.1, 7.1, 6.1, 5.1, 4.1, 3.1, 2.1, 3.1, 4.1, 5.1, 6.1, 1.1, 2.1, 3.1, 4.1, 5.1, 6.1, r.2
4.1, 5.1, 6.1, 7.1, 8.1, 9.1, 5.1, 6.1, 7.1, 8.1, 9.1, 3.1, 4.1, 5.1, 6.1, 7.1, 8.1, 9.1, 8.1, 7.1, 6.1, 5.1, 7.1, 6.1, 5.1, 4.1, 3.1, r.3

1.1, 2.1, 3.1, 4.1, 5.1, 1.1, 2.1, 3.1, 4.1, 5.1, 5.1, 6.1, 7.1, 8.1, 9.1, 10.1, 6.1, 7.1, 8.1, 9.1, 10.1, 10.1, 9.1, 8.1, 7.1, 6.1, r.1
8.1, 7.1, 6.1, 5.1, 4.1, 3.1, 4.1, 5.1, 6.1, 7.1, 9.1, 8.1, 7.1, 6.1, 5.1, 4.1, 10.1, 9.1, 8.1, 7.1, 6.1, 5.1, 4.1, 3.1, 2.1, 1.1, r.1
4.1, 5.1, 6.1, 7.1, 8.1, 9.1, 10.1, 9.1, 8.1, 7.1, 6.1, 5.1, 4.1, 5.1, 6.1, 7.1, 8.1, 6.1, 7.1, 8.1, 9.1, 10.1, 7.1, 6.1, 5.1, 4.1, 3.1
2.1, 3.1, 4.1, 5.1, 6.1, 7.1, 8.1, 7.1, 6.1, 5.1, 4.1, 3.1, 9.1, 8.1, 7.1, 6.1, 5.1, 8.1, 7.1, 6.1, 5.1, 4.1, 3.1, 4.1, 5.1, 6.1, 7.1

10.1, 9.1, 8.1, 7.1, 6.1, 5.1, 4.1, 5.1, 6.1, 7.1, 8.1, 9.1, 3.1, 4.1, 5.1, 6.1, 7.1, 5.1, 6.1, 7.1, 8.1, 9.1, 10.1, 8.1, 7.1, 6.1, 5.1, 4.1
1.1, 2.1, 3.1, 4.1, 5.1, 7.1, 6.1, 5.1, 4.1, 3.1, 2.1, 1.1, 2.1, 3.1, 4.1, 5.1, 6.1, 7.1, 6.1, 5.1, 4.1, 3.1, 2.1, 1.1, 2.1, 3.1, 4.1, 5.1
5.1, 4.1, 3.1, 2.1, 1.1, 4.1, 5.1, 6.1, 7.1, 8.1, 9.1, 10.1, 9.1, 8.1, 7.1, 6.1, 5.1, 6.1, 7.1, 8.1, 9.1, 10.1, 9.1, 8.1, 7.1, 6.1, r.2
5.1, 4.1, 3.1, 2.1, 1.1, 1.1, 2.1, 3.1, 4.1, 5.1, 6.1, 5.1, 4.1, 3.1, 2.1, 1.1, 3.1, 4.1, 5.1, 6.1, 7.1, 9.1, 8.1, 7.1, 6.1, 5.1, r.2

2.1, 3.1, 4.1, 5.1, 6.1, 7.1
6.1, 5.1, 4.1, 3.1, 2.1, 1.1
5.1, 6.1, 7.1, 8.1, 9.1, 10.1
7.1, 6.1, 5.1, 4.1, 3.1, 2.1

6.1, 5.1, 4.1, 3.1, 2.1, 1.1, 6.1, 5.1, 4.1, 3.1, 2.1, 1.1, 4.1, 5.1, 6.1, 7.1, 8.1, 9.1, 10.1, 9.1, 8.1, 7.1, 6.1, 5.1, 3.1, 4.1, 5.1, 6.1, 7.1, 8.1
1.1, 2.1, 3.1, 4.1, 5.1, 7.1, 6.1, 5.1, 4.1, 3.1, 1.1, 2.1, 3.1, 4.1, 5.1, 6.1, 1.1, 2.1, 3.1, 4.1, 5.1, 5.1, 4.1, 3.1, 2.1, 1.1, r.4
10.1, 9.1, 8.1, 7.1, 6.1, 5.1, 10.1, 9.1, 8.1, 7.1, 6.1, 6.1, 5.1, 4.1, 3.1, 2.1, 1.1, 8.1, 7.1, 6.1, 5.1, 4.1, 3.1, 7.1, 6.1, 5.1, 4.1, 3.1, 2.1, r.1
5.1, 6.1, 7.1, 8.1, 9.1, 10.1, 10.1, 9.1, 8.1, 7.1, 6.1, 10.1, 9.1, 8.1, 7.1, 6.1, 10.1, 9.1, 8.1, 7.1, 6.1, 5.1, 4.1, 3.1, 2.1, 1.1, r.4

10.1, 9.1, 8.1, 7.1, 6.1, 4.1, 5.1, 6.1, 7.1, 8.1, 10.1, 9.1, 8.1, 7.1, 6.1, 5.1, 4.1, 5.1, 6.1, 7.1, 8.1, 9.1, 8.1, 7.1, 6.1, 5.1, 4.1, r.1
5.1, 4.1, 3.1, 2.1, 1.1, 4.1, 5.1, 6.1, 7.1, 8.1, 9.1, 8.1, 7.1, 6.1, 5.1, 4.1, 2.1, 3.1, 4.1, 5.1, 6.1, 2.1, 3.1, 4.1, 5.1, 6.1, r.2
7.1, 6.1, 5.1, 4.1, 3.1, 2.1, 1.1, 2.1, 3.1, 4.1, 5.1, 7.1, 6.1, 5.1, 4.1, 3.1, 2.1, 1.1, 2.1, 3.1, 4.1, 5.1, 1.1, 2.1, 3.1, 4.1, 5.1, 6.1
1.1, 2.1, 3.1, 4.1, 5.1, 6.1, 8.1, 7.1, 6.1, 5.1, 4.1, 2.1, 3.1, 4.1, 5.1, 6.1, 8.1, 7.1, 6.1, 5.1, 4.1, 3.1, 4.1, 5.1, 6.1, 7.1, 8.1, r.1

3.1, 4.1, 5.1, 6.1, 7.1, 8.1, 9.1, 8.1, 7.1, 6.1, 5.1, 3.1, 4.1, 5.1, 6.1, 7.1, 8.1, 9.1, 8.1, 7.1, 6.1, 5.1, 4.1, 10.1, 9.1, 8.1, 7.1, 6.1, 5.1
1.1, 2.1, 3.1, 4.1, 5.1, 3.1, 4.1, 5.1, 6.1, 7.1, 8.1, 1.1, 2.1, 3.1, 4.1, 5.1, 6.1, 7.1, 6.1, 5.1, 4.1, 3.1, 5.1, 6.1, 7.1, 8.1, 9.1, r.2
8.1, 7.1, 6.1, 5.1, 4.1, 3.1, 4.1, 5.1, 6.1, 7.1, 8.1, 10.1, 9.1, 8.1, 7.1, 6.1, 10.1, 9.1, 8.1, 7.1, 6.1, 5.1, 9.1, 8.1, 7.1, 6.1, 5.1, 4.1, r.1
10.1, 9.1, 8.1, 7.1, 6.1, 10.1, 9.1, 8.1, 7.1, 6.1, 9.1, 8.1, 7.1, 6.1, 5.1, 4.1, 6.1, 5.1, 4.1, 3.1, 2.1, 1.1, 1.1, 2.1, 3.1, 4.1, 5.1, r.2

4.1, 5.1, 6.1, 7.1, 8.1, 9.1
3.1, 4.1, 5.1, 6.1, 7.1, 8.1
2.1, 3.1, 4.1, 5.1, 6.1, 7.1
1.1, 2.1, 3.1, 4.1, 5.1, 6.1
