Sonata for 2 Pianos, Stravinsky
(1971)
transcribed by Steven Golob

voice: treble1, @crystal_bowl_with_pop, 0
voice: bass1, @crystal_bowl_with_pop, -1
voice: treble2, @crystal_bowl_with_pop, -1
voice: bass2, @crystal_bowl_with_pop, -2

qtr_note = 126
F major

4.1-, 5.1-, 7.3, 3.1, 7.1, 5.1, 4.1, 3.1, 7.1, 5.1, 3.2, 10.4, 9.1, 8.1, 7.1, 6.2, 9.1
2.1-, 3.1-, 4.3, 2.1, 3.1, 4.2, 2.1, 3.1, 4.1, 5.1, 2.1, 7.1, 5.2, 7.1, 3.1, 5.1, 1.1, 3.1, -1.1, 1.1
7.1, 5.1, 2.3, 7.1, 5.1, 2.1, 7.1, 5.1, 2.2, 10.4, 9.1, 8.1, 7.1, 6.2, 9.1, 8.1, 7.1
1.3, 5.1, 3.1, 1.3, 5.2, 3.2, 1.1, 0.1, -1.2, 0.2, 1.4, 0.1, 1.1

8.1, 7.1, 6.1, 5.5,                        | 4s.2, 10.2, 3.2, 10.2,                        | 2.3, 6.1, 7.1, 8.1, 9.1, 10.1, | 1.1, 2.1, 4s.1, 6.1, 8.1, 9.1, 11s.1, 12.1
-3.1, -1.1, 1.1, 4.2, 1.1, 4.1, 6.1,       | 7.1, 9.1, 14.1, 11s.1, 9.1, 6.1, 13.1, 11s.1, | 8.6, 6.2,                      | 7.2, 8.2, 6.2, 7.2
14.1, 12.1, 11.1, 9.1, 8.1, 7.1, 6.1, 5.1, | 6.4, 7.4,                                     | 5.2, 9.2, 7.2, 5.2,            | 3.1, 1.1, 3.1, 5.1, 8.1, 10.1, 12.1, 15.1
2.1, 3.1, 4.2, 5.1, 6.1, 7.2,              | 8.4, 7.4,                                     | 6.6, 8.2,                      | 7.2, 6.2, 8.2, 7.2

11s.2, 12.2, 9.2, 7.2,          | 12.2, 7.2, 5.3,                | r.1
8.2, 9.2, 11s.2, 12.2,          | 1s.1, 6s.1, 4s.1, 1s.1, 1.3,   | r.1
8.3, 9.1, 6.1, 8.1, 9.1, 11s.1, | 13.1, 12.1, 11s.1, 10.1, 9.3,  | r.1
6.2, 7.4, 8.2,                  | 9.1-, 10.1, 11s.1, 12.1, 13.3, | r.1

4.1-, 5.1-, 7.3, 3.1, 7.1, 5.1, 4.1, 3.1, 7.1, 5.1, 3.2, 10.4, 9.1, 8.1, 7.1, 6.2, 9.1
2.1-, 3.1-, 4.3, 2.1, 3.1, 4.2, 2.1, 3.1, 4.1, 5.1, 2.1, 7.1, 5.2, 7.1, 3.1, 5.1, 1.1, 3.1, -1.1, 1.1
7.1, 5.1, 2.3, 7.1, 5.1, 2.1, 7.1, 5.1, 2.2, 10.4, 9.1, 8.1, 7.1, 6.2, 9.1, 8.1, 7.1
1.3, 5.1, 3.1, 1.3, 5.2, 3.2, 1.1, 0.1, -1.2, 0.2, 1.4, 0.1, 1.1

8.1, 7.1, 6.1, 5.5,                        | 4s.2, 10.2, 3.2, 10.2,                        | 2.3, 6.1, 7.1, 8.1, 9.1, 10.1, | 1.1, 2.1, 4s.1, 6.1, 8.1, 9.1, 11s.1, 12.1
-3.1, -1.1, 1.1, 4.2, 1.1, 4.1, 6.1,       | 7.1, 9.1, 14.1, 11s.1, 9.1, 6.1, 13.1, 11s.1, | 8.6, 6.2,                      | 7.2, 8.2, 6.2, 7.2
14.1, 12.1, 11.1, 9.1, 8.1, 7.1, 6.1, 5.1, | 6.4, 7.4,                                     | 5.2, 9.2, 7.2, 5.2,            | 3.1, 1.1, 3.1, 5.1, 8.1, 10.1, 12.1, 15.1
2.1, 3.1, 4.2, 5.1, 6.1, 7.2,              | 8.4, 7.4,                                     | 6.6, 8.2,                      | 7.2, 6.2, 8.2, 7.2

11s.2, 12.2, 9.2, 7.2,          | 12.2, 7.2, 5.3,                | r.1
8.2, 9.2, 11s.2, 12.2,          | 1s.1, 6s.1, 4s.1, 1s.1, 1.3,   | r.1
8.3, 9.1, 6.1, 8.1, 9.1, 11s.1, | 13.1, 12.1, 11s.1, 10.1, 9.3,  | r.1
6.2, 7.4, 8.2,                  | 9.1-, 10.1, 11s.1, 12.1, 13.3, | r.1
